458
147
0
394
0
419
0
629
0
645
0
649
0
650
0
665
0
693
0
706
0
920
0
975
0
1039
0
1061
0
1068
0
1077
0
1179
0
1200
0
1201
0
1208
0
1219
0
1306
0
1320
0
1467
0
1511
0
1546
0
1547
0
1562
0
1568
0
1569
0
1572
0
1639
0
1678
0
1689
0
1716
0
1753
0
1782
0
1789
0
1838
0
1901
0
1908
0
1927
0
1960
0
1976
0
1991
0
1992
0
2014
0
2046
0
2047
0
2048
0
2049
0
2124
0
2125
0
2126
0
2153
0
2200
0
2201
0
2202
0
2203
0
2204
0
2205
0
2206
0
2207
0
2208
0
2209
0
2210
0
2211
0
2212
0
2213
0
2214
0
2215
0
2216
0
2217
0
2218
0
2219
0
2220
0
2280
0
2281
0
2282
0
2287
0
2288
0
2289
0
2290
0
2291
0
2298
0
2299
0
2300
0
2302
0
2307
0
2308
0
2309
0
2310
0
2311
0
2315
0
2328
0
2329
0
2330
0
2332
0
2337
0
2338
0
2340
0
2342
0
2343
0
2344
0
2345
0
2346
0
2389
0
2390
0
2391
0
2392
0
2393
0
2394
0
2395
0
2396
0
2397
0
2398
0
2399
0
2400
0
2409
0
2410
0
2411
0
2412
0
2421
0
2423
0
2424
0
2425
0
2426
0
2428
0
2429
0
2430
0
2431
0
2432
0
2433
0
2434
0
2435
0
2439
0
2445
0
2466
0
2467
0
2468
0
2469
0
2470
0
2471
0
2472
0
2489
0
2522
0
2530
0
2531
0
2535
0
2539
0
2542
0
2575
0
2576
0
2577
0
2578
0
2582
0
2587
0
2589
0
2591
0
2607
0
2689
0
2690
0
2697
0
2698
0
2703
0
2734
0
2773
0
2878
0
2882
0
2883
0
2884
0
2888
0
2889
0
2897
0
2898
0
2909
0
3004
0
3005
0
3007
0
3008
0
3009
0
3010
0
3011
0
3012
0
3013
0
3014
0
3018
0
3023
0
3024
0
3025
0
3026
0
3027
0
3046
0
3049
0
3050
0
3055
0
3171
0
3189
0
3192
0
3193
0
3194
0
3212
0
3213
0
3218
0
3227
0
3243
0
3244
0
3246
0
3247
0
3248
0
3255
0
3260
0
3272
0
3339
0
3344
0
3346
0
3347
0
3350
0
3351
0
3352
0
3353
0
3412
0
3444
0
3495
0
3496
0
3497
0
3498
0
3499
0
3500
0
3501
0
3502
0
3503
0
3547
0
3574
0
3584
0
3585
0
3587
0
3589
0
3590
0
3591
0
3592
0
3604
0
3612
0
3613
0
3614
0
3616
0
3617
0
3619
0
3621
0
3622
0
3623
0
3625
0
3627
0
3629
0
3631
0
3634
0
3639
0
3642
0
3643
0
3645
0
3657
0
3663
0
3664
0
3665
0
3666
0
3669
0
3670
0
3671
0
3672
0
3673
0
3679
0
3756
0
3765
0
3769
0
3771
0
3777
0
3780
0
3781
0
3782
0
3783
0
3843
0
3844
0
3855
0
3856
0
3864
0
3867
0
3869
0
3887
0
3914
0
3924
0
3977
0
3978
0
3979
0
3980
0
3981
0
3982
0
3999
0
4009
0
4010
0
4065
0
4066
0
4067
0
4068
0
4069
0
4070
0
4072
0
4081
0
4083
0
4098
0
4149
0
4167
0
4272
0
4273
0
4274
0
4276
0
4373
0
4374
0
4375
0
4376
0
4416
0
4440
0
4511
0
4512
0
4552
0
4603
0
4640
0
4900
0
4901
0
4920
0
4975
0
4978
0
4979
0
4986
0
5057
0
5059
0
5061
0
5135
0
5136
0
5137
0
5138
0
5204
0
5205
0
5281
0
5336
0
5364
0
5365
0
5366
0
5373
0
5394
0
5403
0
5405
0
5455
0
5557
0
5558
0
5559
0
5570
0
5571
0
5572
0
5573
0
5578
0
5594
0
5608
0
5678
0
5700
0
5706
0
5709
0
5712
0
5713
0
5759
0
5760
0
5761
0
5762
0
5766
0
5770
0
5831
0
5836
0
5926
0
5954
0
6004
0
6007
0
6010
0
6012
0
6013
0
6014
0
6016
0
6019
0
6021
0
6022
0
6044
0
6273
0
6304
0
6305
0
6316
0
6327
0
6328
0
6329
0
6330
0
6333
0
6375
0
6376
0
6377
0
6378
0
6379
0
6380
0
6381
0
6382
0
6383
0
6384
0
6385
0
6403
0
6406
0
6408
0
6413
0
6438
0
6442
0
6444
0
6454
0
6455
0
6458
0
6507
0
6525
0
6531
0
6532
0
6534
0
6536
0
6538
0
6541
0
6543
0
6557
0
6565
0
6570
0
6580
0
6616
0
6617
0
6619
0
6621
0
6622
0
6650
0
6663
0
6709
0
6712
0
6718
0
6786
0
6787
0
6800
0
6828
0
6830
0
6838
0
6840
0
6843
0
6853
0
6855
0
6857
0
6861
0
6862
0
6863
0
6902
0
6903
0
