2174
1
0
5
0
6
0
7
0
8
0
9
0
10
0
11
0
12
0
16
0
20
0
21
0
22
0
23
0
27
0
28
0
35
0
36
0
37
0
38
0
39
0
40
0
41
0
42
0
53
0
59
0
60
0
65
0
71
0
72
0
73
0
79
0
85
0
88
0
90
0
91
0
92
0
94
0
95
0
96
0
99
0
101
0
102
0
104
0
109
0
115
0
116
0
119
0
122
0
124
0
125
0
131
0
136
0
139
0
142
0
145
0
146
0
147
0
150
0
157
0
161
0
163
0
164
0
172
0
173
0
176
0
178
0
183
0
186
0
188
0
189
0
190
0
193
0
196
0
219
0
220
0
221
0
224
0
234
0
237
0
238
0
240
0
250
0
255
0
260
0
262
0
263
0
282
0
283
0
288
0
289
0
293
0
294
0
295
0
296
0
297
0
298
0
318
0
319
0
320
0
337
0
352
0
356
0
357
0
358
0
364
0
374
0
416
0
417
0
420
0
421
0
428
0
429
0
430
0
432
0
439
0
441
0
448
0
452
0
475
0
479
0
483
0
484
0
493
0
498
0
502
0
504
0
507
0
511
0
513
0
516
0
517
0
538
0
541
0
545
0
546
0
555
0
556
0
562
0
568
0
570
0
571
0
573
0
574
0
581
0
585
0
586
0
592
0
593
0
594
0
597
0
598
0
601
0
617
0
620
0
628
0
634
0
640
0
642
0
645
0
646
0
656
0
657
0
664
0
665
0
666
0
669
0
694
0
698
0
706
0
713
0
714
0
717
0
718
0
724
0
725
0
726
0
727
0
737
0
769
0
771
0
772
0
788
0
796
0
816
0
817
0
818
0
819
0
823
0
826
0
827
0
830
0
831
0
832
0
833
0
839
0
843
0
845
0
847
0
850
0
855
0
865
0
878
0
879
0
884
0
886
0
889
0
892
0
893
0
894
0
895
0
900
0
901
0
903
0
904
0
905
0
926
0
934
0
938
0
939
0
940
0
963
0
967
0
968
0
971
0
975
0
987
0
994
0
1002
0
1003
0
1006
0
1008
0
1010
0
1025
0
1026
0
1032
0
1039
0
1041
0
1047
0
1049
0
1050
0
1053
0
1054
0
1061
0
1075
0
1076
0
1077
0
1080
0
1082
0
1084
0
1086
0
1088
0
1104
0
1113
0
1117
0
1118
0
1119
0
1124
0
1125
0
1141
0
1150
0
1151
0
1152
0
1165
0
1166
0
1167
0
1174
0
1178
0
1179
0
1180
0
1181
0
1184
0
1185
0
1186
0
1205
0
1206
0
1207
0
1209
0
1214
0
1215
0
1232
0
1234
0
1235
0
1236
0
1237
0
1245
0
1253
0
1258
0
1264
0
1265
0
1266
0
1268
0
1272
0
1276
0
1277
0
1278
0
1281
0
1286
0
1301
0
1306
0
1316
0
1326
0
1327
0
1329
0
1334
0
1336
0
1337
0
1342
0
1344
0
1353
0
1361
0
1362
0
1365
0
1368
0
1370
0
1375
0
1385
0
1388
0
1390
0
1393
0
1401
0
1408
0
1409
0
1411
0
1412
0
1413
0
1414
0
1421
0
1425
0
1448
0
1465
0
1467
0
1474
0
1480
0
1481
0
1489
0
1493
0
1495
0
1497
0
1500
0
1518
0
1524
0
1529
0
1530
0
1531
0
1534
0
1535
0
1550
0
1551
0
1556
0
1565
0
1566
0
1567
0
1568
0
1569
0
1570
0
1571
0
1579
0
1591
0
1592
0
1593
0
1594
0
1595
0
1596
0
1597
0
1602
0
1610
0
1642
0
1644
0
1645
0
1646
0
1647
0
1649
0
1650
0
1651
0
1652
0
1655
0
1656
0
1657
0
1667
0
1684
0
1691
0
1692
0
1710
0
1720
0
1723
0
1724
0
1725
0
1730
0
1733
0
1741
0
1743
0
1745
0
1747
0
1748
0
1750
0
1758
0
1765
0
1766
0
1768
0
1774
0
1775
0
1794
0
1798
0
1804
0
1806
0
1815
0
1819
0
1832
0
1833
0
1834
0
1839
0
1842
0
1846
0
1874
0
1875
0
1878
0
1889
0
1890
0
1892
0
1893
0
1901
0
1902
0
1916
0
1921
0
1922
0
1924
0
1941
0
1943
0
1948
0
1952
0
1953
0
1954
0
1955
0
1964
0
1965
0
1972
0
1973
0
1974
0
1977
0
1978
0
1999
0
2012
0
2013
0
2014
0
2026
0
2027
0
2028
0
2057
0
2058
0
2067
0
2068
0
2074
0
2084
0
2087
0
2096
0
2101
0
2104
0
2124
0
2129
0
2139
0
2150
0
2154
0
2159
0
2163
0
2178
0
2185
0
2189
0
2209
0
2219
0
2235
0
2244
0
2248
0
2249
0
2250
0
2261
0
2262
0
2270
0
2272
0
2278
0
2282
0
2286
0
2294
0
2305
0
2319
0
2320
0
2321
0
2322
0
2326
0
2330
0
2334
0
2342
0
2362
0
2370
0
2412
0
2413
0
2430
0
2432
0
2433
0
2442
0
2453
0
2454
0
2468
0
2472
0
2473
0
2483
0
2507
0
2509
0
2517
0
2518
0
2527
0
2528
0
2534
0
2544
0
2561
0
2568
0
2569
0
2571
0
2591
0
2592
0
2599
0
2608
0
2610
0
2611
0
2612
0
2618
0
2624
0
2626
0
2641
0
2642
0
2643
0
2664
0
2665
0
2666
0
2673
0
2681
0
2682
0
2688
0
2689
0
2692
0
2700
0
2706
0
2707
0
2715
0
2716
0
2738
0
2739
0
2740
0
2744
0
2752
0
2763
0
2771
0
2773
0
2777
0
2780
0
2781
0
2785
0
2786
0
2790
0
2812
0
2813
0
2820
0
2825
0
2830
0
2836
0
2837
0
2838
0
2840
0
2860
0
2870
0
2871
0
2872
0
2873
0
2885
0
2886
0
2901
0
2903
0
2904
0
2907
0
2918
0
2919
0
2929
0
2934
0
2943
0
2947
0
2950
0
2953
0
2957
0
2972
0
2973
0
2976
0
2978
0
2979
0
2997
0
2999
0
3000
0
3001
0
3004
0
3012
0
3013
0
3015
0
3019
0
3022
0
3029
0
3030
0
3031
0
3044
0
3045
0
3050
0
3051
0
3055
0
3058
0
3062
0
3076
0
3079
0
3087
0
3091
0
3098
0
3102
0
3103
0
3125
0
3132
0
3140
0
3148
0
3153
0
3157
0
3159
0
3177
0
3178
0
3181
0
3196
0
3197
0
3198
0
3205
0
3206
0
3207
0
3208
0
3210
0
3240
0
3241
0
3242
0
3243
0
3244
0
3245
0
3246
0
3247
0
3291
0
3307
0
3311
0
3313
0
3314
0
3318
0
3326
0
3330
0
3342
0
3343
0
3344
0
3345
0
3346
0
3357
0
3359
0
3363
0
3364
0
3367
0
3385
0
3390
0
3395
0
3396
0
3397
0
3399
0
3416
0
3418
0
3419
0
3420
0
3429
0
3436
0
3437
0
3438
0
3439
0
3447
0
3454
0
3457
0
3460
0
3461
0
3465
0
3475
0
3480
0
3485
0
3486
0
3490
0
3492
0
3493
0
3494
0
3503
0
3505
0
3506
0
3512
0
3513
0
3518
0
3531
0
3534
0
3535
0
3536
0
3543
0
3547
0
3551
0
3554
0
3564
0
3565
0
3566
0
3567
0
3568
0
3575
0
3577
0
3579
0
3580
0
3587
0
3589
0
3590
0
3592
0
3594
0
3603
0
3608
0
3609
0
3610
0
3611
0
3636
0
3658
0
3659
0
3660
0
3661
0
3676
0
3677
0
3702
0
3703
0
3733
0
3742
0
3744
0
3755
0
3757
0
3759
0
3771
0
3775
0
3776
0
3777
0
3778
0
3792
0
3802
0
3808
0
3809
0
3814
0
3816
0
3827
0
3829
0
3831
0
3834
0
3840
0
3841
0
3849
0
3850
0
3857
0
3869
0
3873
0
3874
0
3880
0
3881
0
3882
0
3885
0
3891
0
3893
0
3899
0
3901
0
3903
0
3906
0
3909
0
3921
0
3924
0
3926
0
3929
0
3930
0
3936
0
3937
0
3941
0
3945
0
3957
0
3961
0
3962
0
3963
0
3968
0
3972
0
3973
0
3975
0
3978
0
3986
0
3989
0
3993
0
3995
0
3998
0
3999
0
4001
0
4002
0
4026
0
4043
0
4044
0
4045
0
4046
0
4047
0
4048
0
4049
0
4050
0
4051
0
4056
0
4063
0
4064
0
4065
0
4068
0
4069
0
4084
0
4098
0
4099
0
4100
0
4101
0
4109
0
4110
0
4111
0
4139
0
4144
0
4146
0
4154
0
4158
0
4159
0
4160
0
4161
0
4169
0
4174
0
4178
0
4186
0
4188
0
4189
0
4190
0
4196
0
4203
0
4204
0
4208
0
4211
0
4213
0
4222
0
4227
0
4235
0
4237
0
4242
0
4248
0
4254
0
4260
0
4262
0
4263
0
4264
0
4274
0
4277
0
4278
0
4279
0
4285
0
4290
0
4291
0
4293
0
4299
0
4314
0
4316
0
4318
0
4322
0
4334
0
4344
0
4352
0
4355
0
4359
0
4369
0
4373
0
4374
0
4381
0
4383
0
4384
0
4386
0
4387
0
4388
0
4399
0
4406
0
4408
0
4411
0
4418
0
4424
0
4426
0
4428
0
4432
0
4459
0
4463
0
4464
0
4472
0
4473
0
4474
0
4476
0
4477
0
4478
0
4479
0
4487
0
4488
0
4519
0
4521
0
4522
0
4523
0
4524
0
4557
0
4563
0
4564
0
4568
0
4571
0
4576
0
4583
0
4588
0
4591
0
4592
0
4601
0
4609
0
4614
0
4617
0
4623
0
4635
0
4636
0
4640
0
4644
0
4646
0
4648
0
4649
0
4657
0
4667
0
4676
0
4683
0
4689
0
4692
0
4693
0
4707
0
4708
0
4710
0
4729
0
4733
0
4744
0
4753
0
4761
0
4765
0
4777
0
4786
0
4787
0
4793
0
4794
0
4799
0
4801
0
4822
0
4835
0
4845
0
4846
0
4858
0
4867
0
4874
0
4878
0
4879
0
4881
0
4882
0
4883
0
4891
0
4904
0
4911
0
4926
0
4927
0
4928
0
4929
0
4930
0
4931
0
4933
0
4934
0
4941
0
4949
0
4951
0
4952
0
4953
0
4962
0
4963
0
4973
0
4983
0
4985
0
5002
0
5005
0
5011
0
5016
0
5031
0
5037
0
5043
0
5044
0
5047
0
5050
0
5052
0
5053
0
5059
0
5062
0
5067
0
5069
0
5070
0
5071
0
5072
0
5073
0
5074
0
5076
0
5078
0
5096
0
5097
0
5098
0
5100
0
5108
0
5114
0
5117
0
5118
0
5119
0
5121
0
5122
0
5126
0
5131
0
5132
0
5133
0
5135
0
5136
0
5137
0
5140
0
5141
0
5142
0
5143
0
5144
0
5145
0
5146
0
5147
0
5148
0
5150
0
5155
0
5163
0
5170
0
5171
0
5174
0
5180
0
5188
0
5192
0
5193
0
5196
0
5203
0
5207
0
5209
0
5210
0
5214
0
5215
0
5216
0
5217
0
5218
0
5219
0
5220
0
5221
0
5222
0
5233
0
5234
0
5235
0
5236
0
5237
0
5238
0
5244
0
5245
0
5251
0
5252
0
5255
0
5259
0
5262
0
5289
0
5290
0
5291
0
5292
0
5302
0
5304
0
5305
0
5306
0
5307
0
5308
0
5309
0
5310
0
5311
0
5312
0
5313
0
5314
0
5315
0
5316
0
5324
0
5325
0
5326
0
5329
0
5330
0
5331
0
5335
0
5336
0
5337
0
5338
0
5339
0
5340
0
5341
0
5342
0
5346
0
5350
0
5357
0
5359
0
5364
0
5365
0
5366
0
5367
0
5374
0
5379
0
5386
0
5389
0
5390
0
5395
0
5408
0
5410
0
5411
0
5412
0
5418
0
5421
0
5424
0
5428
0
5429
0
5430
0
5434
0
5443
0
5446
0
5447
0
5448
0
5449
0
5461
0
5475
0
5479
0
5482
0
5483
0
5484
0
5486
0
5490
0
5493
0
5498
0
5500
0
5501
0
5502
0
5511
0
5512
0
5514
0
5515
0
5518
0
5519
0
5520
0
5521
0
5526
0
5537
0
5538
0
5540
0
5547
0
5551
0
5553
0
5570
0
5572
0
5573
0
5574
0
5579
0
5580
0
5584
0
5585
0
5598
0
5601
0
5609
0
5610
0
5612
0
5618
0
5619
0
5625
0
5627
0
5644
0
5648
0
5654
0
5656
0
5657
0
5663
0
5664
0
5665
0
5669
0
5674
0
5687
0
5689
0
5690
0
5699
0
5741
0
5742
0
5756
0
5757
0
5777
0
5779
0
5780
0
5781
0
5784
0
5785
0
5786
0
5787
0
5795
0
5801
0
5802
0
5803
0
5809
0
5811
0
5813
0
5832
0
5835
0
5837
0
5839
0
5840
0
5857
0
5859
0
5863
0
5864
0
5865
0
5871
0
5872
0
5873
0
5883
0
5887
0
5896
0
5900
0
5902
0
5920
0
5921
0
5928
0
5929
0
5931
0
5934
0
5937
0
5938
0
5950
0
5961
0
5970
0
5976
0
5979
0
5987
0
5988
0
5989
0
6005
0
6006
0
6009
0
6014
0
6024
0
6028
0
6029
0
6032
0
6035
0
6044
0
6045
0
6049
0
6050
0
6055
0
6065
0
6066
0
6067
0
6070
0
6073
0
6074
0
6076
0
6078
0
6079
0
6080
0
6081
0
6088
0
6097
0
6098
0
6099
0
6109
0
6113
0
6114
0
6139
0
6140
0
6147
0
6148
0
6149
0
6150
0
6157
0
6158
0
6159
0
6162
0
6167
0
6168
0
6169
0
6170
0
6192
0
6193
0
6194
0
6195
0
6203
0
6207
0
6208
0
6209
0
6210
0
6213
0
6219
0
6225
0
6240
0
6245
0
6246
0
6247
0
6251
0
6252
0
6253
0
6255
0
6259
0
6260
0
6264
0
6271
0
6283
0
6284
0
6291
0
6309
0
6318
0
6319
0
6323
0
6324
0
6340
0
6343
0
6349
0
6350
0
6352
0
6356
0
6359
0
6361
0
6368
0
6383
0
6388
0
6391
0
6393
0
6398
0
6412
0
6418
0
6424
0
6426
0
6427
0
6434
0
6439
0
6440
0
6446
0
6447
0
6450
0
6451
0
6452
0
6460
0
6461
0
6482
0
6490
0
6496
0
6498
0
6499
0
6501
0
6513
0
6545
0
6553
0
6554
0
6555
0
6558
0
6559
0
6560
0
6572
0
6574
0
6580
0
6592
0
6593
0
6594
0
6595
0
6617
0
6618
0
6619
0
6633
0
6635
0
6638
0
6643
0
6644
0
6655
0
6656
0
6657
0
6658
0
6659
0
6662
0
6669
0
6670
0
6672
0
6675
0
6692
0
6695
0
6701
0
6712
0
6721
0
6725
0
6727
0
6731
0
6732
0
6740
0
6741
0
6744
0
6749
0
6755
0
6756
0
6761
0
6769
0
6773
0
6779
0
6786
0
6795
0
6796
0
6797
0
6801
0
6802
0
6805
0
6806
0
6808
0
6818
0
6826
0
6829
0
6830
0
6831
0
6835
0
6838
0
6839
0
6843
0
6847
0
6869
0
6870
0
6871
0
6872
0
6873
0
6874
0
6875
0
6876
0
6880
0
6889
0
6892
0
6912
0
6913
0
6914
0
6925
0
6926
0
6927
0
6935
0
6936
0
6940
0
6941
0
6946
0
6947
0
6960
0
6961
0
6962
0
6963
0
6964
0
6965
0
6966
0
6991
0
7009
0
7010
0
7011
0
7012
0
7013
0
7020
0
7021
0
7022
0
7038
0
7048
0
7049
0
7061
0
7062
0
7066
0
7067
0
7068
0
7070
0
7072
0
7081
0
7102
0
7103
0
7108
0
7109
0
7117
0
7120
0
7121
0
7125
0
7138
0
7139
0
7140
0
7142
0
7146
0
7151
0
7157
0
7171
0
7174
0
7175
0
7183
0
7191
0
7196
0
7197
0
7205
0
7206
0
7207
0
7211
0
7212
0
7214
0
7235
0
7246
0
7247
0
7253
0
7254
0
7263
0
7264
0
7267
0
7268
0
7269
0
7271
0
7273
0
7278
0
7286
0
7297
0
7300
0
7308
0
7318
0
7319
0
7336
0
7337
0
7340
0
7353
0
7360
0
7361
0
7362
0
7373
0
7374
0
7378
0
7381
0
7382
0
7383
0
7390
0
7407
0
7411
0
7412
0
7413
0
7418
0
7430
0
7431
0
7437
0
7438
0
7441
0
7451
0
7453
0
7454
0
7458
0
7463
0
7472
0
7473
0
7479
0
7480
0
7481
0
7483
0
7488
0
7490
0
7493
0
7498
0
7513
0
7519
0
7521
0
7523
0
7527
0
7528
0
7532
0
7535
0
7537
0
7540
0
7542
0
7543
0
7547
0
7553
0
7554
0
7564
0
7565
0
7595
0
7597
0
7598
0
7603
0
7611
0
7614
0
7619
0
7624
0
7628
0
7631
0
7632
0
7633
0
7634
0
7642
0
7643
0
7644
0
7645
0
7647
0
7648
0
7652
0
7670
0
7671
0
7672
0
7675
0
7683
0
7685
0
7688
0
7692
0
7693
0
7695
0
7696
0
7700
0
7704
0
7705
0
7706
0
7707
0
7708
0
7714
0
7726
0
7728
0
7741
0
7742
0
7766
0
7773
0
7783
0
7784
0
7785
0
7786
0
7787
0
7795
0
7800
0
7801
0
7813
0
7818
0
7819
0
7820
0
7821
0
7830
0
7868
0
7869
0
7875
0
7878
0
7883
0
7889
0
7890
0
7891
0
7892
0
7893
0
7899
0
7905
0
7909
0
7924
0
7931
0
7939
0
7941
0
7942
0
7943
0
7944
0
7945
0
7947
0
7948
0
7952
0
7965
0
7971
0
7974
0
7975
0
7976
0
7977
0
7978
0
7981
0
7982
0
7983
0
7988
0
7989
0
7991
0
7993
0
8011
0
8013
0
8014
0
8015
0
8016
0
8019
0
8029
0
8032
0
8033
0
8034
0
8037
0
8043
0
8046
0
8050
0
8052
0
8057
0
8060
0
8061
0
8065
0
8069
0
8074
0
8080
0
8093
0
8099
0
8104
0
8105
0
8106
0
8107
0
8109
0
8115
0
8120
0
8126
0
8132
0
8133
0
8137
0
8141
0
8143
0
8145
0
8146
0
8150
0
8151
0
8156
0
8158
0
8168
0
8175
0
8176
0
8184
0
8188
0
8197
0
8198
0
8199
0
8200
0
8201
0
8233
0
8234
0
8238
0
8243
0
8250
0
8253
0
8258
0
8278
0
8279
0
8282
0
8286
0
8298
0
8300
0
8301
0
8302
0
8303
0
8304
0
8305
0
8306
0
8327
0
8328
0
8331
0
8332
0
8335
0
8336
0
8337
0
8338
0
8340
0
8342
0
8343
0
8346
0
8349
0
8355
0
8356
0
8368
0
8377
0
8378
0
8379
0
8380
0
8381
0
8401
0
8409
0
8410
0
8411
0
8412
0
8416
0
8425
0
8426
0
8429
0
8430
0
8432
0
8433
0
8435
0
8436
0
8438
0
8439
0
8440
0
8441
0
8445
0
8447
0
8451
0
8452
0
8453
0
8454
0
8455
0
8464
0
8465
0
8470
0
8483
0
8484
0
8485
0
8486
0
8487
0
8492
0
8499
0
8500
0
8503
0
8504
0
8507
0
8509
0
8510
0
8512
0
8519
0
8523
0
8525
0
8526
0
8527
0
8528
0
8529
0
8539
0
8540
0
8549
0
8557
0
8558
0
8559
0
8560
0
8561
0
8562
0
8563
0
8564
0
8566
0
8573
0
8574
0
8581
0
8582
0
8590
0
8591
0
8599
0
8604
0
8605
0
8609
0
8616
0
8617
0
8618
0
8619
0
8641
0
8659
0
8661
0
8662
0
8671
0
8672
0
8673
0
8674
0
8675
0
8676
0
8677
0
8680
0
8684
0
8688
0
8693
0
8694
0
8704
0
8710
0
8711
0
8712
0
8716
0
8719
0
8720
0
8725
0
8732
0
8738
0
8753
0
8754
0
8755
0
8756
0
8757
0
8758
0
8760
0
8767
0
8768
0
8782
0
8783
0
8784
0
8786
0
8802
0
8807
0
8808
0
8810
0
8812
0
8813
0
8816
0
8825
0
8826
0
8827
0
8828
0
8829
0
8830
0
8834
0
8840
0
8854
0
8855
0
8856
0
8858
0
8861
0
8866
0
8867
0
8882
0
8884
0
8885
0
8886
0
8897
0
8899
0
8900
0
8901
0
8906
0
8922
0
8926
0
8927
0
8928
0
8938
0
8942
0
8956
0
8958
0
8961
0
8962
0
8967
0
8971
0
8972
0
8975
0
8976
0
8978
0
8982
0
8986
0
8987
0
8988
0
8998
0
9008
0
9010
0
9011
0
9012
0
9034
0
9049
0
9056
0
9057
0
9058
0
9059
0
9060
0
9066
0
9067
0
9087
0
9091
0
9092
0
9107
0
9112
0
9118
0
9120
0
9124
0
9126
0
9127
0
9138
0
9141
0
9144
0
9145
0
9154
0
9156
0
9161
0
9162
0
9166
0
9167
0
9181
0
9183
0
9196
0
9207
0
9209
0
9228
0
9235
0
9236
0
9237
0
9240
0
9241
0
9242
0
9245
0
9246
0
9250
0
9251
0
9253
0
9257
0
9259
0
9260
0
9270
0
9273
0
9274
0
9277
0
9285
0
9290
0
9291
0
9295
0
9302
0
9309
0
9310
0
9314
0
9315
0
9316
0
9319
0
9320
0
9322
0
9325
0
9327
0
9333
0
9336
0
9347
0
9350
0
9351
0
9356
0
9359
0
9367
0
9375
0
9376
0
9388
0
9389
0
9393
0
9394
0
9401
0
9404
0
9412
0
9430
0
9431
0
9449
0
9450
0
9455
0
9456
0
9457
0
9467
0
9474
0
9490
0
9491
0
9492
0
9497
0
9498
0
9503
0
9504
0
9517
0
9521
0
9522
0
9527
0
9528
0
9532
0
9533
0
9534
0
9535
0
9537
0
9538
0
9543
0
9545
0
9549
0
9555
0
9556
0
9566
0
9567
0
9582
0
9585
0
9595
0
9596
0
9597
0
9604
0
9609
0
9611
0
9612
0
9613
0
9621
0
9625
0
9626
0
9627
0
9628
0
9634
0
9644
0
9653
0
9654
0
9655
0
9657
0
9659
0
9660
0
9661
0
9667
0
9668
0
9669
0
9672
0
9673
0
9676
0
9677
0
9686
0
9698
0
9699
0
9705
0
9706
0
9710
0
9729
0
9731
0
9732
0
9733
0
9738
0
9739
0
9740
0
9741
0
9742
0
9744
0
9745
0
9758
0
9763
0
9764
0
9770
0
9771
0
9773
0
9774
0
9777
0
9786
0
9787
0
9788
0
9789
0
9798
0
9801
0
9808
0
9811
0
9812
0
9813
0
9814
0
9815
0
9820
0
9821
0
9835
0
9839
0
9849
0
9859
0
9865
0
9866
0
9886
0
9901
0
9902
0
9907
0
9910
0
9911
0
9920
0
9932
0
9933
0
9934
0
9935
0
9936
0
9937
0
9938
0
9939
0
9940
0
9941
0
9942
0
9943
0
9952
0
9963
0
9964
0
9971
0
9976
0
9978
0
9983
0
9984
0
9989
0
9990
0
9991
0
9995
0
9997
0
9998
0
9999
0
